04723920012002
04723920012002
04723920012002
04723920152000
04723920152000
04723920152000
07010420382030
07010420382030
07010420382030
07010420382031
07010420382031
07010420382031
07081720002002
07081720002002
07081720002002
07055520972012
07055520972012
07055520972012
07009220202061
07009220202061
07009220202061
07030020382083
07030020382083
07030020382083
07026520052092
07026520052092
07026520052092
07009020762077
07009020762077
07009020762077
07087520282099
07087520282099
07087520282099
07087520282099
07087520282099
07087520282099
07086120402005
07086120402005
07086120402005
07344120922004
07344120922004
07344120922004
07066220492012
07066220492012
07066220492012
07309120542055
07309120542055
07309120542055
07033020182074
07033020182074
07033020182074
07680320332011
07680320332011
07680320332011
07037220842071
07037220842071
07037220842071
07028020802083
07028020802083
07028020802083
05233012010
05233012010
05233012010
03201042056
03201042056
03201042056
05101332093
05101332093
05101332093
08582204252015
08582204252015
08582204252015
04982220402078
04982220402078
04982220402078
06964302036
06964302036
06964302036
0864120902049
0864120902049
0864120902049
0402620882044
0402620882044
0402620882044
0404520232025
0404520232025
0404520232025
05203322050
05203322050
05203322050
08540202742033
08540202742033
08540202742033
04791242003
04791242003
04791242003
0334120052054
0334120052054
0334120052054
07091320502080
07091320502080
07091320502080
05204120112095
05204120112095
05204120112095
0332820592065
0332820592065
0332820592065
03831862030
03831862030
03831862030
03831862030
03831862030
03831862030
08580203862004
08580203862004
08580203862004
07365620622007
07365620622007
07365620622007
07368920002054
07368920002054
07368920002054
01559152016
01559152016
01559152016
0428932092
0428932092
0428932092
0461520192070
0461520192070
0461520192070
0404320792001
0404320792001
0404320792001
0332620192014
0332620192014
0332620192014
0446372067
0446372067
0446372067
04981220142074
04981220142074
04981220142074
03707192095
03707192095
03707192095
0875520932053
0875520932053
0875520932053
0351820662081
0351820662081
0351820662081
04136032002
04136032002
04136032002
04317132025
04317132025
04317132025
07375620992031
07375620992031
07375620992031
08559202112003
08559202112003
08559202112003
07029220112076
07029220112076
07029220112076
02482102021
02482102021
02482102021
0461820852087
0461820852087
0461820852087
05505112091
05505112091
05505112091
03833032013
03833032013
03833032013
07365220802025
07365220802025
07365220802025
07621920702025
07621920702025
07621920702025
07631820592048
07631820592048
07631820592048
07631820592048
07631820592048
07631820592048
07075220152022
07075220152022
07075220152022
05004620102012
05004620102012
05004620102012
07609420892066
07609420892066
07609420892066
07381820062050
07381820062050
07381820062050
0901220332065
0901220332065
0901220332065
08582204252015
08582204252015
08582204252015
07021020852042
07021020852042
07021020852042
07095320372030
07095320372030
07095320372030
07303920912063
07303920912063
07303920912063
07363720372092
07363720372092
07363720372092
07055420152085
07055420152085
07055420152085
07032720472000
07032720472000
07032720472000
0605020012091
0605020012091
0605020012091
07390820062002
07390820062002
07390820062002
07040220552013
07040220552013
07040220552013
07677720332026
07677720332026
07677720332026
07047420762095
07047420762095
07047420762095
07689020192010
07689020192010
07689020192010
07677820262048
07677820262048
07677820262048
07057020592025
07057020592025
07057020592025
07628120302034
07628120302034
07628120302034
07047920192022
07047920192022
07047920192022
03461032035
03461032035
03461032035
0722320147
0722320147
0722320147
07089920712086
07089920712086
07089920712086
07089920712086
07089920712086
07089920712086
03801652006
03801652006
03801652006
07381520822033
07381520822033
07381520822033
07027420682064
07027420682064
07027420682064
07610720132050
07610720132050
07610720132050
04784122014
04784122014
04784122014
07037420842084
07037420842084
07037420842084
07639220242022
07639220242022
07639220242022
07364020012065
07364020012065
07364020012065
07024420492023
07024420492023
07024420492023
07042720062068
07042720062068
07042720062068
07351020952055
07351020952055
07351020952055
07067720372051
07067720372051
07067720372051
07079220292056
07079220292056
07079220292056
07037720352087
07037720352087
07037720352087
07354420062076
07354420062076
07354420062076
07376620792037
07376620792037
07376620792037
03226420072072
03226420072072
03226420072072
07392020632070
07392020632070
07392020632070
03403512015
03403512015
03403512015
07075020742086
07075020742086
07075020742086
07073820442055
07073820442055
07073820442055
07024020812075
07024020812075
07024020812075
0467320552063
0467320552063
0467320552063
07333920452045
07333920452045
07333920452045
07333920452045
07333920452045
07333920452045
07333920452045
07333920452045
07333920452045
07309420272097
07309420272097
07309420272097
07033120042066
07033120042066
07033120042066
07396320442064
07396320442064
07396320442064
083620872085
083620872085
083620872085
07303020602093
07303020602093
07303020602093
07390520282050
07390520282050
07390520282050
07075720812037
07075720812037
07075720812037
0601720082098
0601720082098
0601720082098
07051220412099
07051220412099
07051220412099
07616420412068
07616420412068
07616420412068
07038120972064
07038120972064
07038120972064
07350720302084
07350720302084
07350720302084
07035020802083
07035020802083
07035020802083
0722110417
0722110417
0722110417
07028120752049
07028120752049
07028120752049
07055520332038
07055520332038
07055520332038
07303220572006
07303220572006
07303220572006
07034120482015
07034120482015
07034120482015
0111820912003
0111820912003
0111820912003
07028720662006
07028720662006
07028720662006
07037220862050
07037220862050
07037220862050
07306220182002
07306220182002
07306220182002
07681920062010
07681920062010
07681920062010
07072220752069
07072220752069
07072220752069
07072220752069
07072220752069
07072220752069
07334220332088
07334220332088
07334220332088
07065120792094
07065120792094
07065120792094
09116202080
09116202080
09116202080
03229242025
03229242025
03229242025
07024020432004
07024020432004
07024020432004
07393820012066
07393820012066
07393820012066
07306020512066
07306020512066
07306020512066
09216962009
09216962009
09216962009
07664820272027
07664820272027
07664820272027
07014820582092
07014820582092
07014820582092
03465812057
03465812057
03465812057
07307520962090
07307520962090
07307520962090
07059220762075
07059220762075
07059220762075
07368220802053
07368220802053
07368220802053
07005820942068
07005820942068
07005820942068
07610920322008
07610920322008
07610920322008
07021320102057
07021320102057
07021320102057
07340220362030
07340220362030
07340220362030
07038620782044
07038620782044
07038620782044
07678220402050
07678220402050
07678220402050
0261220322015
0261220322015
0261220322015
04802422077
04802422077
04802422077
07075320162034
07075320162034
07075320162034
07039520572024
07039520572024
07039520572024
07332720852002
07332720852002
07332720852002
07332720852002
07332720852002
07332720852002
07332720852002
07332720852002
07332720852002
03704672019
03704672019
03704672019
0192820502071
0192820502071
0192820502071
07032820272038
07032820272038
07032820272038
07068320262001
07068320262001
07068320262001
0864120902049
0864120902049
0864120902049
03229242025
03229242025
03229242025
05122202057
05122202057
05122202057
07083820022019
07083820022019
07083820022019
0422320782050
0422320782050
0422320782050
04984820612062
04984820612062
04984820612062
07394720102047
07394720102047
07394720102047
08580203862004
08580203862004
08580203862004
07013120342000
07013120342000
07013120342000
0872020522039
0872020522039
0872020522039
07028820702041
07028820702041
07028820702041
0332420162070
0332420162070
0332420162070
06514402009
06514402009
06514402009
07679320332050
07679320332050
07679320332050
07035820722043
07035820722043
07035820722043
03229212022
03229212022
03229212022
07631120442043
07631120442043
07631120442043
07039020872088
07039020872088
07039020872088
07037820952032
07037820952032
07037820952032
07037820952032
07037820952032
07037820952032
07304420342015
07304420342015
07304420342015
07028020802083
07028020802083
07028020802083
07036520152052
07036520152052
07036520152052
07067020612039
07067020612039
07067020612039
07079120862042
07079120862042
07079120862042
0194620202010
0194620202010
0194620202010
04932212044
04932212044
04932212044
09112420902059
09112420902059
09112420902059
07627220112055
07627220112055
07627220112055
07044320432018
07044320432018
07044320432018
07044320432018
07044320432018
07044320432018
07049120732026
07049120732026
07049120732026
05004820082051
05004820082051
05004820082051
07066220322094
07066220322094
07066220322094
04802772023
04802772023
04802772023
07051720102006
07051720102006
07051720102006
07017420222042
07017420222042
07017420222042
04915132034
04915132034
04915132034
0727387523
0727387523
0727387523
07341620202031
07341620202031
07341620202031
07026520472019
07026520472019
07026520472019
07086020072007
07086020072007
07086020072007
03201042056
03201042056
03201042056
07032820732008
07032820732008
07032820732008
07032820732008
07032820732008
07032820732008
04703902095
04703902095
04703902095
07053120522049
07053120522049
07053120522049
07639820182037
07639820182037
07639820182037
05211622008
05211622008
05211622008
0876520562010
0876520562010
0876520562010
07363120162006
07363120162006
07363120162006
07048020412055
07048020412055
07048020412055
07039120682029
07039120682029
07039120682029
07380820262082
07380820262082
07380820262082
07376620302036
07376620302036
07376620302036
04923162073
04923162073
04923162073
07689620552027
07689620552027
07689620552027
07676720742071
07676720742071
07676720742071
07611420842040
07611420842040
07611420842040
09117022015
09117022015
09117022015
07670720592074
07670720592074
07670720592074
07056720792056
07056720792056
07056720792056
05201202041
05201202041
05201202041
07096120662046
07096120662046
07096120662046
07024820422011
07024820422011
07024820422011
0541520272029
0541520272029
0541520272029
07682620882031
07682620882031
07682620882031
05111042044
05111042044
05111042044
01421002068
01421002068
01421002068
07045420662077
07045420662077
07045420662077
07045420662077
07045420662077
07045420662077
07350320612012
07350320612012
07350320612012
07327420132024
07327420132024
07327420132024
07330920852010
07330920852010
07330920852010
07067620252061
07067620252061
07067620252061
07022420502017
07022420502017
07022420502017
07043020322069
07043020322069
07043020322069
0727461616
0727461616
0727461616
07085120532083
07085120532083
07085120532083
07353420442011
07353420442011
07353420442011
01424092042
01424092042
01424092042
07065620012099
07065620012099
07065620012099
0422320452062
0422320452062
0422320452062
0422320452062
0422320452062
0422320452062
07071220252035
07071220252035
07071220252035
01575192047
01575192047
01575192047
04901292021
04901292021
04901292021
07069620132000
07069620132000
07069620132000
07020120832056
07020120832056
07020120832056
07678720792097
07678720792097
07678720792097
0193620272061
0193620272061
0193620272061
0361320182067
0361320182067
0361320182067
07068720282054
07068720282054
07068720282054
07036920902066
07036920902066
07036920902066
0422120582059
0422120582059
0422120582059
07021320712024
07021320712024
07021320712024
07021320712024
07021320712024
07021320712024
07369820992061
07369820992061
07369820992061
07036020912081
07036020912081
07036020912081
07025620772039
07025620772039
07025620772039
088720492055
088720492055
088720492055
07389120612088
07389120612088
07389120612088
07051420472017
07051420472017
07051420472017
07035520792087
07035520792087
07035520792087
07353120552097
07353120552097
07353120552097
07305020442054
07305020442054
07305020442054
07309320612049
07309320612049
07309320612049
07075120752099
07075120752099
07075120752099
07304820392060
07304820392060
07304820392060
07332620962045
07332620962045
07332620962045
07642320072032
07642320072032
07642320072032
0261620432022
0261620432022
0261620432022
07616020112042
07616020112042
07616020112042
07005620062093
07005620062093
07005620062093
07066620602083
07066620602083
07066620602083
07382420832092
07382420832092
07382420832092
07020320052038
07020320052038
07020320052038
07383820832046
07383820832046
07383820832046
07042420282087
07042420282087
07042420282087
0461320232019
0461320232019
0461320232019
0461320232019
0461320232019
0461320232019
07067620182055
07067620182055
07067620182055
06537120752043
06537120752043
06537120752043
08580203002013
08580203002013
08580203002013
07092220562068
07092220562068
07092220562068
04903442082
04903442082
04903442082
01582720102000
01582720102000
01582720102000
07021220302006
07021220302006
07021220302006
04982220402078
04982220402078
04982220402078
07678720182081
07678720182081
07678720182081
07686420442019
07686420442019
07686420442019
07025420132040
07025420132040
07025420132040
01521722089
01521722089
01521722089
0193220032031
0193220032031
0193220032031
07014520392066
07014520392066
07014520392066
07307820502010
07307820502010
07307820502010
0331520602000
0331520602000
0331520602000
07352820962030
07352820962030
07352820962030
0233332091
0233332091
0233332091
0233332091
0233332091
0233332091
0723095968
0723095968
0723095968
0467020662031
0467020662031
0467020662031
07029420942079
07029420942079
07029420942079
07029420942079
07029420942079
07029420942079
07060320012078
07060320012078
07060320012078
01254102015
01254102015
01254102015
07633920392004
07633920392004
07633920392004
04903232072
04903232072
04903232072
07308520952095
07308520952095
07308520952095
07396320672000
07396320672000
07396320672000
07623520982088
07623520982088
07623520982088
07055820362050
07055820362050
07055820362050
07025920542015
07025920542015
07025920542015
07035120032035
07035120032035
07035120032035
0361020032085
0361020032085
0361020032085
07043120762078
07043120762078
07043120762078
0404320792001
0404320792001
0404320792001
04982220802022
04982220802022
04982220802022
07096220332097
07096220332097
07096220332097
07091720352063
07091720352063
07091720352063
07334420592077
07334420592077
07334420592077
07383320412024
07383320412024
07383320412024
07067920922072
07067920922072
07067920922072
01422062004
01422062004
01422062004
0722009723
0722009723
0722009723
07318120982035
07318120982035
07318120982035
07318120982035
07318120982035
07318120982035
07099120912083
07099120912083
07099120912083
07099120912083
07099120912083
07099120912083
04804720002037
04804720002037
04804720002037
08590208092090
08590208092090
08590208092090
07060420002098
07060420002098
07060420002098
0876020692059
0876020692059
0876020692059
08520202732015
08520202732015
08520202732015
07382420892034
07382420892034
07382420892034
07074420862060
07074420862060
07074420862060
07025420242060
07025420242060
07025420242060
07396320022050
07396320022050
07396320022050
07384120962084
07384120962084
07384120962084
07047120332091
07047120332091
07047120332091
07614920992009
07614920992009
07614920992009
08585207012070
08585207012070
08585207012070
07054820412048
07054820412048
07054820412048
01961120242034
01961120242034
01961120242034
0315620132042
0315620132042
0315620132042
07365620622007
07365620622007
07365620622007
0875520932053
0875520932053
0875520932053
07302420112005
07302420112005
07302420112005
07618420792039
07618420792039
07618420792039
07021320562088
07021320562088
07021320562088
07088020092062
07088020092062
07088020092062
07680020142068
07680020142068
07680020142068
07025420002007
07025420002007
07025420002007
07033720282059
07033720282059
07033720282059
07033720282059
07033720282059
07033720282059
07005620062093
07005620062093
07005620062093
07308120412061
07308120412061
07308120412061
07061420132095
07061420132095
07061420132095
07048220212056
07048220212056
07048220212056
07066820702092
07066820702092
07066820702092
04624020202011
04624020202011
04624020202011
07025020102022
07025020102022
07025020102022
07031120592065
07031120592065
07031120592065
07025520982022
07025520982022
07025520982022
07399620102007
07399620102007
07399620102007
07339720862025
07339720862025
07339720862025
09216522000
09216522000
09216522000
05111792079
05111792079
05111792079
07308220322028
07308220322028
07308220322028
07616620422042
07616620422042
07616620422042
07056620582033
07056620582033
07056620582033
07622420792091
07622420792091
07622420792091
07617620872029
07617620872029
07617620872029
07350820012072
07350820012072
07350820012072
07067420462062
07067420462062
07067420462062
07352120212036
07352120212036
07352120212036
09211812061
09211812061
09211812061
07681220642089
07681220642089
07681220642089
07058220312054
07058220312054
07058220312054
07072020442022
07072020442022
07072020442022
07072020442022
07072020442022
07072020442022
05106742016
05106742016
05106742016
07390320182035
07390320182035
07390320182035
07023720712027
07023720712027
07023720712027
0865020832055
0865020832055
0865020832055
07344620032026
07344620032026
07344620032026
07677120882038
07677120882038
07677120882038
07092220972013
07092220972013
07092220972013
04802542032
04802542032
04802542032
04911882038
04911882038
04911882038
07354620682047
07354620682047
07354620682047
08530206882072
08530206882072
08530206882072
07381720192035
07381720192035
07381720192035
07394720762077
07394720762077
07394720762077
07601520052016
07601520052016
07601520052016
07611320032098
07611320032098
07611320032098
07082120052031
07082120052031
07082120052031
03206202049
03206202049
03206202049
08511207292045
08511207292045
08511207292045
07022120142003
07022120142003
07022120142003
0216032085
0216032085
0216032085
07620020342032
07620020342032
07620020342032
088720122013
088720122013
088720122013
07086420922031
07086420922031
07086420922031
0111320862084
0111320862084
0111320862084
07063120172092
07063120172092
07063120172092
07063120172092
07063120172092
07063120172092
07315620032038
07315620032038
07315620032038
07361320332015
07361320332015
07361320332015
07333820542038
07333820542038
07333820542038
07041620992058
07041620992058
07041620992058
07055520802064
07055520802064
07055520802064
07383920522048
07383920522048
07383920522048
07393420912021
07393420912021
07393420912021
07302620292026
07302620292026
07302620292026
07391320092086
07391320092086
07391320092086
07350620672065
07350620672065
07350620672065
07056120392030
07056120392030
07056120392030
0722131633
0722131633
0722131633
0722131633
0722131633
0722131633
07664520422058
07664520422058
07664520422058
07603820092071
07603820092071
07603820092071
01403202012
01403202012
01403202012
0722454361
0722454361
0722454361
07354520242014
07354520242014
07354520242014
08581207222028
08581207222028
08581207222028
07061020292072
07061020292072
07061020292072
07339920112091
07339920112091
07339920112091
04915502077
04915502077
04915502077
07030520202077
07030520202077
07030520202077
07335820902056
07335820902056
07335820902056
07036720452095
07036720452095
07036720452095
07028220022056
07028220022056
07028220022056
07021520832001
07021520832001
07021520832001
01753012007
01753012007
01753012007
07305220662016
07305220662016
07305220662016
07084320652097
07084320652097
07084320652097
07034820272035
07034820272035
07034820272035
07364720692011
07364720692011
07364720692011
01655120482012
01655120482012
01655120482012
07059420882040
07059420882040
07059420882040
07033420502055
07033420502055
07033420502055
07324320972020
07324320972020
07324320972020
07030020952082
07030020952082
07030020952082
07398220932029
07398220932029
07398220932029
05023012059
05023012059
05023012059
07682520402078
07682520402078
07682520402078
07368520992094
07368520992094
07368520992094
07053020852013
07053020852013
07053020852013
07067920822013
07067920822013
07067920822013
0181420052022
0181420052022
0181420052022
07368220432054
07368220432054
07368220432054
07628320732090
07628320732090
07628320732090
07368120792002
07368120792002
07368120792002
07628320732090
07628320732090
07628320732090
06603720572004
06603720572004
06603720572004
06603720572004
06603720572004
06603720572004
07305720792055
07305720792055
07305720792055
07334320552041
07334320552041
07334320552041
0181020102053
0181020102053
0181020102053
07088320302049
07088320302049
07088320302049
07683820262023
07683820262023
07683820262023
0402620712045
0402620712045
0402620712045
07305920732040
07305920732040
07305920732040
07064820552061
07064820552061
07064820552061
07050820892061
07050820892061
07050820892061
07022320622050
07022320622050
07022320622050
07304120212036
07304120212036
07304120212036
07021720482063
07021720482063
07021720482063
07332620132059
07332620132059
07332620132059
07380820832066
07380820832066
07380820832066
07390520722027
07390520722027
07390520722027
03832302019
03832302019
03832302019
07365020452094
07365020452094
07365020452094
0863320422081
0863320422081
0863320422081
07679020522048
07679020522048
07679020522048
07017520002070
07017520002070
07017520002070
04982620572052
04982620572052
04982620572052
07613020062081
07613020062081
07613020062081
07083520092050
07083520092050
07083520092050
07083520092050
07083520092050
07083520092050
07306420252084
07306420252084
07306420252084
07028620142073
07028620142073
07028620142073
07009920002094
07009920002094
07009920002094
07035820122085
07035820122085
07035820122085
07364020272025
07364020272025
07364020272025
0720218831
0720218831
0720218831
07032520992028
07032520992028
07032520992028
07309820682093
07309820682093
07309820682093
07306420632085
07306420632085
07306420632085
04791242003
04791242003
04791242003
09211742025
09211742025
09211742025
07027720712091
07027720712091
07027720712091
04982220512031
04982220512031
04982220512031
0727259608
0727259608
0727259608
07307920982080
07307920982080
07307920982080
07037020102045
07037020102045
07037020102045
07309120302032
07309120302032
07309120302032
03811542093
03811542093
03811542093
04953092019
04953092019
04953092019
07307420262055
07307420262055
07307420262055
07384820702019
07384820702019
07384820702019
08599209822098
08599209822098
08599209822098
0355332050
0355332050
0355332050
07083720942094
07083720942094
07083720942094
05235002038
05235002038
05235002038
05235002038
05235002038
05235002038
04852022010
04852022010
04852022010
07059020072093
07059020072093
07059020072093
07028820842090
07028820842090
07028820842090
07608820052057
07608820052057
07608820052057
07373020512026
07373020512026
07373020512026
07350320372066
07350320372066
07350320372066
0722121879
0722121879
0722121879
07092820972060
07092820972060
07092820972060
09202520752082
09202520752082
09202520752082
04982620572052
04982620572052
04982620572052
07084820242004
07084820242004
07084820242004
07305120142027
07305120142027
07305120142027
04852822037
04852822037
04852822037
08437204392017
08437204392017
08437204392017
07383320822061
07383320822061
07383320822061
07663320222067
07663320222067
07663320222067
07359220012065
07359220012065
07359220012065
07084620232015
07084620232015
07084620232015
07056920082058
07056920082058
07056920082058
05204220512016
05204220512016
05204220512016
07069520342005
07069520342005
07069520342005
07063320702053
07063320702053
07063320702053
07063320702053
07063320702053
07063320702053
094120034
094120034
094120034
03024272095
03024272095
03024272095
07066120492042
07066120492042
07066120492042
04992502011
04992502011
04992502011
07021820142029
07021820142029
07021820142029
0351720532031
0351720532031
0351720532031
07372820872078
07372820872078
07372820872078
0186920552065
0186920552065
0186920552065
07079420812059
07079420812059
07079420812059
03177820102080
03177820102080
03177820102080
07677720302000
07677720302000
07677720302000
07680420642051
07680420642051
07680420642051
07364720432083
07364720432083
07364720432083
04804720002039
04804720002039
04804720002039
08542204262088
08542204262088
08542204262088
02974212066
02974212066
02974212066
08580203862004
08580203862004
08580203862004
0902232017
0902232017
0902232017
07305020482083
07305020482083
07305020482083
0901320262068
0901320262068
0901320262068
07025820512050
07025820512050
07025820512050
08559202112003
08559202112003
08559202112003
0461320232019
0461320232019
0461320232019
0461320232019
0461320232019
0461320232019
06125232032
06125232032
06125232032
07303120332020
07303120332020
07303120332020
07382120972022
07382120972022
07382120972022
07034820832001
07034820832001
07034820832001
07609420702068
07609420702068
07609420702068
07344420322012
07344420322012
07344420322012
07327520462088
07327520462088
07327520462088
07041820572057
07041820572057
07041820572057
07384120972000
07384120972000
07384120972000
07042220762004
07042220762004
07042220762004
07383820682052
07383820682052
07383820682052
07383820412023
07383820412023
07383820412023
0603452043
0603452043
0603452043
06601742040
06601742040
06601742040
0541920022057
0541920022057
0541920022057
07334220072069
07334220072069
07334220072069
07334220072069
07334220072069
07334220072069
07383320422083
07383320422083
07383320422083
07376020562016
07376020562016
07376020562016
07037320442039
07037320442039
07037320442039
0541520562045
0541520562045
0541520562045
07060720832064
07060720832064
07060720832064
07079620632077
07079620632077
07079620632077
07045720172098
07045720172098
07045720172098
07045720172098
07045720172098
07045720172098
0877320222067
0877320222067
0877320222067
07040320482021
07040320482021
07040320482021
07023420392069
07023420392069
07023420392069
07033620972084
07033620972084
07033620972084
07099020682010
07099020682010
07099020682010
07091420152067
07091420152067
07091420152067
07350120152028
07350120152028
07350120152028
07066520482035
07066520482035
07066520482035
07315920032030
07315920032030
07315920032030
07631120572089
07631120572089
07631120572089
07037420242047
07037420242047
07037420242047
07351220822014
07351220822014
07351220822014
07033220492009
07033220492009
07033220492009
07684820772072
07684820772072
07684820772072
07304020242082
07304020242082
07304020242082
07075320142004
07075320142004
07075320142004
07065120692044
07065120692044
07065120692044
07023320262029
07023320262029
07023320262029
05201852065
05201852065
05201852065
07092720482045
07092720482045
07092720482045
07062720642056
07062720642056
07062720642056
0404620742057
0404620742057
0404620742057
089120722027
089120722027
089120722027
07026920652010
07026920652010
07026920652010
07365220252032
07365220252032
07365220252032
07365220252032
07365220252032
07365220252032
01654120022050
01654120022050
01654120022050
07375120132051
07375120132051
07375120132051
07394920302081
07394920302081
07394920302081
07368120822047
07368120822047
07368120822047
07679520162027
07679520162027
07679520162027
07314020332094
07314020332094
07314020332094
04903232072
04903232072
04903232072
07093820262062
07093820262062
07093820262062
0548320532005
0548320532005
0548320532005
083820372050
083820372050
083820372050
06964302036
06964302036
06964302036
07021520532020
07021520532020
07021520532020
05012502015
05012502015
05012502015
01594820422026
01594820422026
01594820422026
0404420642005
0404420642005
0404420642005
07662320712049
07662320712049
07662320712049
07066520772077
07066520772077
07066520772077
07375520502042
07375520502042
07375520502042
06115020062059
06115020062059
06115020062059
07358520212027
07358520212027
07358520212027
07020320012080
07020320012080
07020320012080
0875620032088
0875620032088
0875620032088
0404620942010
0404620942010
0404620942010
0404620942010
0404620942010
0404620942010
07610820332098
07610820332098
07610820332098
08511207292045
08511207292045
08511207292045
06502382038
06502382038
06502382038
05203502091
05203502091
05203502091
07041420512034
07041420512034
07041420512034
07384220372058
07384220372058
07384220372058
0261020322039
0261020322039
0261020322039
0864820702078
0864820702078
0864820702078
07087620292045
07087620292045
07087620292045
07047920532094
07047920532094
07047920532094
0864120122047
0864120122047
0864120122047
07069020662078
07069020662078
07069020662078
07044120532007
07044120532007
07044120532007
0331320222089
0331320222089
0331320222089
07365120132070
07365120132070
07365120132070
07067120362093
07067120362093
07067120362093
04901982035
04901982035
04901982035
07041620752020
07041620752020
07041620752020
03461562004
03461562004
03461562004
07051920742074
07051920742074
07051920742074
03007382036
03007382036
03007382036
07302220212024
07302220212024
07302220212024
082920172019
082920172019
082920172019
07383720072096
07383720072096
07383720072096
07383720072096
07383720072096
07383720072096
07384820042076
07384820042076
07384820042076
07062820772030
07062820772030
07062820772030
03037420842048
03037420842048
03037420842048
07689320542009
07689320542009
07689320542009
07020620942054
07020620942054
07020620942054
07304620962028
07304620962028
07304620962028
07095520782057
07095520782057
07095520782057
07026220582067
07026220582067
07026220582067
0361620062057
0361620062057
0361620062057
09204420102080
09204420102080
09204420102080
03224532014
03224532014
03224532014
07059420052086
07059420052086
07059420052086
02203642047
02203642047
02203642047
07065020892026
07065020892026
07065020892026
07610720992060
07610720992060
07610720992060
07334620432066
07334620432066
07334620432066
07036920472069
07036920472069
07036920472069
0421320832093
0421320832093
0421320832093
07032120802029
07032120802029
07032120802029
07043420002050
07043420002050
07043420002050
01231002051
01231002051
01231002051
07074120512049
07074120512049
07074120512049
0720095311
0720095311
0720095311
07676520082033
07676520082033
07676520082033
07031420032035
07031420032035
07031420032035
07371020792019
07371020792019
07371020792019
03465332030
03465332030
03465332030
07099020942015
07099020942015
07099020942015
05541042055
05541042055
05541042055
07058220462089
07058220462089
07058220462089
06503082057
06503082057
06503082057
07676520082033
07676520082033
07676520082033
07063120612053
07063120612053
07063120612053
07354220362089
07354220362089
07354220362089
07348820182081
07348820182081
07348820182081
07381820962079
07381820962079
07381820962079
07075520492090
07075520492090
07075520492090
07021620852090
07021620852090
07021620852090
01654220332041
01654220332041
01654220332041
0161420542072
0161420542072
0161420542072
04925102038
04925102038
04925102038
02401852057
02401852057
02401852057
07309120312018
07309120312018
07309120312018
04186220022043
04186220022043
04186220022043
07350620322008
07350620322008
07350620322008
07027220052022
07027220052022
07027220052022
04116662006
04116662006
04116662006
07041920232007
07041920232007
07041920232007
0422220602039
0422220602039
0422220602039
0422220602039
0422220602039
0422220602039
07028020032084
07028020032084
07028020032084
07054120232044
07054120232044
07054120232044
07077120062000
07077120062000
07077120062000
07610520462090
07610520462090
07610520462090
02711502062
02711502062
02711502062
07010020182072
07010020182072
07010020182072
07383120932063
07383120932063
07383120932063
07689020902010
07689020902010
07689020902010
03201302000
03201302000
03201302000
07605120872083
07605120872083
07605120872083
07031320222016
07031320222016
07031320222016
07616320052036
07616320052036
07616320052036
07092420032063
07092420032063
07092420032063
07351620612008
07351620612008
07351620612008
07351620612008
07351620612008
07351620612008
07092420032063
07092420032063
07092420032063
07064220712033
07064220712033
07064220712033
07049220382075
07049220382075
07049220382075
07362220012091
07362220012091
07362220012091
07344420342092
07344420342092
07344420342092
07059220862092
07059220862092
07059220862092
0722245135
0722245135
0722245135
07055420212077
07055420212077
07055420212077
07344420342092
07344420342092
07344420342092
07087520462044
07087520462044
07087520462044
07087520462044
07087520462044
07087520462044
01976420392034
01976420392034
01976420392034
07011320892096
07011320892096
07011320892096
07029920972097
07029920972097
07029920972097
0137322026
0137322026
0137322026
0865020512054
0865020512054
0865020512054
05204920902061
05204920902061
05204920902061
07024820782002
07024820782002
07024820782002
05101622012
05101622012
05101622012
03214012061
03214012061
03214012061
07069520032050
07069520032050
07069520032050
06701920222064
06701920222064
06701920222064
04551492061
04551492061
04551492061
07062920642040
07062920642040
07062920642040
03406620292094
03406620292094
03406620292094
07303220072050
07303220072050
07303220072050
03811542066
03811542066
03811542066
06902002098
06902002098
06902002098
07074520912017
07074520912017
07074520912017
02432420002032
02432420002032
02432420002032
07395220222082
07395220222082
07395220222082
0351220922000
0351220922000
0351220922000
07396120272071
07396120272071
07396120272071
07061520912098
07061520912098
07061520912098
07066220022004
07066220022004
07066220022004
07034920292058
07034920292058
07034920292058
07034920292058
07034920292058
07034920292058
07373020702045
07373020702045
07373020702045
0194520232057
0194520232057
0194520232057
07366620022071
07366620022071
07366620022071
07305320362076
07305320362076
07305320362076
07680620222025
07680620222025
07680620222025
07633720742070
07633720742070
07633720742070
07383620802004
07383620802004
07383620802004
07055820702001
07055820702001
07055820702001
07603820262018
07603820262018
07603820262018
07315620132030
07315620132030
07315620132030
07074820242009
07074820242009
07074820242009
06111642020
06111642020
06111642020
07050820822093
07050820822093
07050820822093
04804320192089
04804320192089
04804320192089
07092820582082
07092820582082
07092820582082
07065420122080
07065420122080
07065420122080
0723014415
0723014415
0723014415
07033820452063
07033820452063
07033820452063
07084420772049
07084420772049
07084420772049
07026820972085
07026820972085
07026820972085
06515032004
06515032004
06515032004
07350520522034
07350520522034
07350520522034
07629620812099
07629620812099
07629620812099
07611520662070
07611520662070
07611520662070
07611520662070
07611520662070
07611520662070
07095420522074
07095420522074
07095420522074
07062420372087
07062420372087
07062420372087
07033720842009
07033720842009
07033720842009
07069620712009
07069620712009
07069620712009
0902402083
0902402083
0902402083
07393520662024
07393520662024
07393520662024
07025220332085
07025220332085
07025220332085
07335320742051
07335320742051
07335320742051
0865020832055
0865020832055
0865020832055
07085420202037
07085420202037
07085420202037
07020320872062
07020320872062
07020320872062
03821302013
03821302013
03821302013
05233832080
05233832080
05233832080
07380420962028
07380420962028
07380420962028
07064520932049
07064520932049
07064520932049
07097620972096
07097620972096
07097620972096
07079920762091
07079920762091
07079920762091
08571204022051
08571204022051
08571204022051
07307520542023
07307520542023
07307520542023
07308820882095
07308820882095
07308820882095
07602620312004
07602620312004
07602620312004
07634920692099
07634920692099
07634920692099
07030320722061
07030320722061
07030320722061
07393520932025
07393520932025
07393520932025
07683120492056
07683120492056
07683120492056
07683120492056
07683120492056
07683120492056
07687220142051
07687220142051
07687220142051
0722028220
0722028220
0722028220
07086120492037
07086120492037
07086120492037
07021820762060
07021820762060
07021820762060
0113420302017
0113420302017
0113420302017
07062720042063
07062720042063
07062720042063
0722053957
0722053957
0722053957
07352820502050
07352820502050
07352820502050
05227092037
05227092037
05227092037
07076420962077
07076420962077
07076420962077
06502292047
06502292047
06502292047
07062020012014
07062020012014
07062020012014
07062020012014
07062020012014
07062020012014
07028720682061
07028720682061
07028720682061
07661820902080
07661820902080
07661820902080
07013220032062
07013220032062
07013220032062
07019120982038
07019120982038
07019120982038
05251212016
05251212016
05251212016
07064020312045
07064020312045
07064020312045
07377120902078
07377120902078
07377120902078
07307920172021
07307920172021
07307920172021
0361420232033
0361420232033
0361420232033
0183520742035
0183520742035
0183520742035
02147420892001
02147420892001
02147420892001
07056120282098
07056120282098
07056120282098
07056120282098
07056120282098
07056120282098
07037420092083
07037420092083
07037420092083
0211420792019
0211420792019
0211420792019
0861220122064
0861220122064
0861220122064
08512209222022
08512209222022
08512209222022
07335020772026
07335020772026
07335020772026
07308120102034
07308120102034
07308120102034
06503052003
06503052003
06503052003
07056020752040
07056020752040
07056020752040
07051720532081
07051720532081
07051720532081
0131320052049
0131320052049
0131320052049
03802302078
03802302078
03802302078
04792112062
04792112062
04792112062
09107720882030
09107720882030
09107720882030
07046420282064
07046420282064
07046420282064
07361920512094
07361920512094
07361920512094
07678220502009
07678220502009
07678220502009
07381820942065
07381820942065
07381820942065
07064620852015
07064620852015
07064620852015
07683020732047
07683020732047
07683020732047
07679520202048
07679520202048
07679520202048
07383820452010
07383820452010
07383820452010
04805112099
04805112099
04805112099
07350820882001
07350820882001
07350820882001
07054620102000
07054620102000
07054620102000
07054620102000
07054620102000
07054620102000
07091120692018
07091120692018
07091120692018
07392320212064
07392320212064
07392320212064
0319820172015
0319820172015
0319820172015
07613820262010
07613820262010
07613820262010
04814032002
04814032002
04814032002
07384420312082
07384420312082
07384420312082
07052120212015
07052120212015
07052120212015
0131620452088
0131620452088
0131620452088
0864920222054
0864920222054
0864920222054
07053520902029
07053520902029
07053520902029
07601220912029
07601220912029
07601220912029
05816320202047
05816320202047
05816320202047
0722466040
0722466040
0722466040
07016020522017
07016020522017
07016020522017
06476620502075
06476620502075
06476620502075
0361620082008
0361620082008
0361620082008
07642420732057
07642420732057
07642420732057
07351120942026
07351120942026
07351120942026
07021120412060
07021120412060
07021120412060
07032920822015
07032920822015
07032920822015
07067320792090
07067320792090
07067320792090
07663420632092
07663420632092
07663420632092
07304920392043
07304920392043
07304920392043
07033420612092
07033420612092
07033420612092
0467720642088
0467720642088
0467720642088
0467720642088
0467720642088
0467720642088
07058020622094
07058020622094
07058020622094
07676920552047
07676920552047
07676920552047
07652720672024
07652720672024
07652720672024
07346520432023
07346520432023
07346520432023
0874520122000
0874520122000
0874520122000
0161320482055
0161320482055
0161320482055
07036920012001
07036920012001
07036920012001
07062720242054
07062720242054
07062720242054
07383620242070
07383620242070
07383620242070
07364120582058
07364120582058
07364120582058
06241032035
06241032035
06241032035
0727298611
0727298611
0727298611
03226320922020
03226320922020
03226320922020
07384920602003
07384920602003
07384920602003
07384920602003
07384920602003
07384920602003
07028320692019
07028320692019
07028320692019
07066620492062
07066620492062
07066620492062
07308820092013
07308820092013
07308820092013
07610420702006
07610420702006
07610420702006
01552120572005
01552120572005
01552120572005
04982620702048
04982620702048
04982620702048
07051920292070
07051920292070
07051920292070
01571512081
01571512081
01571512081
04230320522011
04230320522011
04230320522011
04230320522011
04230320522011
04230320522011
07023120702049
07023120702049
07023120702049
07089920352015
07089920352015
07089920352015
0722025033
0722025033
0722025033
0727270761
0727270761
0727270761
07060220012059
07060220012059
07060220012059
0332720622017
0332720622017
0332720622017
07044120642011
07044120642011
07044120642011
07027520182077
07027520182077
07027520182077
07055320392004
07055320392004
07055320392004
07305220252062
07305220252062
07305220252062
07074520472031
07074520472031
07074520472031
0875520562069
0875520562069
0875520562069
07034920912084
07034920912084
07034920912084
07034920912084
07034920912084
07034920912084
04903262033
04903262033
04903262033
07362820562057
07362820562057
07362820562057
095012622
095012622
095012622
07027720552076
07027720552076
07027720552076
07361720512008
07361720512008
07361720512008
0331320652051
0331320652051
0331320652051
07058920452094
07058920452094
07058920452094
07091120122012
07091120122012
07091120122012
06605182020
06605182020
06605182020
07047320742049
07047320742049
07047320742049
01433162008
01433162008
01433162008
01433162008
01433162008
01433162008
05158182041
05158182041
05158182041
05158182041
05158182041
05158182041
07068620722002
07068620722002
07068620722002
07339220232095
07339220232095
07339220232095
07061620192029
07061620192029
07061620192029
0631320272090
0631320272090
0631320272090
07049820622008
07049820622008
07049820622008
07609620062082
07609620062082
07609620062082
0402320182095
0402320182095
0402320182095
07309120352093
07309120352093
07309120352093
06605332032
06605332032
06605332032
07027320662070
07027320662070
07027320662070
05101332093
05101332093
05101332093
06063120222018
06063120222018
06063120222018
0132120192073
0132120192073
0132120192073
0721912989
0721912989
0721912989
07076320172099
07076320172099
07076320172099
0444222024
0444222024
0444222024
07639820002078
07639820002078
07639820002078
06514712093
06514712093
06514712093
07680820202082
07680820202082
07680820202082
082920082014
082920082014
082920082014
07355520882060
07355520882060
07355520882060
06602220002008
06602220002008
06602220002008
06602220002008
06602220002008
06602220002008
07354020142049
07354020142049
07354020142049
07020220222099
07020220222099
07020220222099
07082620352045
07082620352045
07082620352045
07303920922018
07303920922018
07303920922018
07367520062025
07367520062025
07367520062025
02247420132061
02247420132061
02247420132061
0870320602008
0870320602008
0870320602008
07028720202030
07028720202030
07028720202030
07028720202030
07028720202030
07028720202030
05105012051
05105012051
05105012051
0111320322021
0111320322021
0111320322021
07064820652048
07064820652048
07064820652048
07302520442055
07302520442055
07302520442055
07395120802061
07395120802061
07395120802061
07624520172063
07624520172063
07624520172063
0314720172090
0314720172090
0314720172090
07013020312077
07013020312077
07013020312077
0872020522039
0872020522039
0872020522039
04815402080
04815402080
04815402080
08550206522089
08550206522089
08550206522089
07619020052077
07619020052077
07619020052077
07337020082064
07337020082064
07337020082064
